function [branch] = testof11()
    branch = [
        1 2;
        2 3;
        3 4;
        4 5;
        5 6;
        2 7;
        6 8;
        3 9;
        9 10;
        10 11;
    ];
end

