%% 脚本：数据文件
%% 时间段
%% 07:00-11:00 load_level = 1.6（高峰期） 电价：0.59
%% 11:00-18:00 load_level = 1.0 （额定）  电价：0.42
%% 18:00-23:00 load_level = 1.6 (高峰期)  电价：0.59
%% 23:00-07:00 load_level = 0.5 (低谷期)  电价：0.27
%% 一台额定容量为600kw的风机一天24小时平均每小时的出力（3台风机）
period_1ofWP = [150;100;100;100;]*3/10000;
period_2ofWP = [100;100;100;140;140;150;200;]*3/10000;
period_3ofWP = [320;320;280;280;280;]*3/10000;
period_4ofWP = [280;280;250;250;250;250;250;250;]*3/10000;
%% 额定容量为100kw的光伏一天24小时平均每小时的出力（20块如此规格的太阳能板）
period_1ofPV = [20;25;30;40;]*20/10000;
period_2ofPV = [70;70;60;50;40;20;10;]*20/10000;
period_3ofPV = [5;5;0;0;0;]*20/10000;
period_4ofPV = [0;0;0;0;0;0;5;10;]*20/10000;
%%

