function testof119()
global bus branch

%% bus 
% 节点号 电压幅值 相角 注入有功 注入无功 节点类型
bus=[ 
    1   11  0   0   0   3   ;
    2   11  0   -133.84 -101.14 1   ;
    3   11  0   -16.214 -11.292 1   ;
    4   11  0   -34.315 -21.845 1   ;
    5   11  0   -73.016 -63.602 1   ;
    6   11  0   -144.2  -68.604 1   ;
    7   11  0   -104.47 -61.725 1   ;
    8   11  0   -28.547 -11.503 1   ;
    9   11  0   -87.56  -51.073 1   ;
    10  11  0   -198.2  -106.77 1   ;
    11  11  0   -146.8  -75.99  1   ;
    12  11  0   -26.04  -18.687 1   ;
    13  11  0   -52.1   -23.22  1   ;
    14  11  0   -141.9  -117.5  1   ;
    15  11  0   -21.87  -28.79  1   ;
    16  11  0   -33.37  -26.45  1   ;
    17  11  0   -32.43  -25.23  1   ;
    18  11  0   -20.234 -11.906 1   ;
    19  11  0   -156.94 -78.523 1   ;
    20  11  0   -546.29 -351.4  1   ;
    21  11  0   -180.3  -164.2  1   ;
    22  11  0   -93.167 -54.594 1   ;
    23  11  0   -85.18  -39.65  1   ;
    24  11  0   -168.1  -95.178 1   ;
    25  11  0   -125.11 -150.22 1   ;
    26  11  0   -16.03  -24.62  1   ;
    27  11  0   -26.03  -24.62  1   ;
    29  11  0   -594.56 -522.62 1   ;
    30  11  0   -120.62 -59.117 1   ;
    31  11  0   -102.38 -99.554 1   ;
    32  11  0   -513.4  -318.5  1   ;
    33  11  0   -475.25 -456.14 1   ;
    34  11  0   -151.43 -136.79 1   ;
    35  11  0   -205.38 -83.302 1   ;
    36  11  0   -131.6  -93.082 1   ;
    37  11  0   -448.4  -369.7  1   ;
    38  11  0   -440.52 -321.64 1   ;
    40  11  0   -112.54 -55.134 1   ;
    41  11  0   -53.963 -38.998 1   ;
    42  11  0   -393.05 -342.6  1   ;
    43  11  0   -326.74 -278.56 1   ;
    44  11  0   -536.26 -240.24 1   ;
    45  11  0   -76.247 -66.562 1   ;
    46  11  0   -53.52  -39.76  1   ;
    47  11  0   -40.328 -31.964 1   ;
    48  11  0   -39.653 -20.758 1   ;
    49  11  0   -66.195 -42.361 1   ;
    50  11  0   -73.904 -51.653 1   ;
    51  11  0   -114.77 -57.965 1   ;
    52  11  0   -918.37 -1205.1 1   ;
    53  11  0   -210.3  -146.66 1   ;
    54  11  0   -66.68  -56.608 1   ;
    55  11  0   -42.207 -40.184 1   ;
    56  11  0   -433.74 -283.41 1   ;
    58  11  0   -62.1   -26.86  1   ;
    59  11  0   -92.46  -88.38  1   ;
    60  11  0   -85.188 -55.436 1   ;
    61  11  0   -345.3  -332.4  1   ;
    62  11  0   -22.5   -16.83  1   ;
    63  11  0   -80.551 -49.156 1   ;
    64  11  0   -95.86  -90.758 1   ;
    65  11  0   -62.92  -47.7   1   ;
    66  11  0   -478.8  -463.74 1   ;
    67  11  0   -120.94 -52.006 1   ;
    68  11  0   -139.11 -100.34 1   ;
    69  11  0   -391.78 -193.5  1   ;
    70  11  0   -27.741 -26.713 1   ;
    71  11  0   -52.814 -25.257 1   ;
    72  11  0   -66.89  -38.713 1   ;
    73  11  0   -467.5  -395.14 1   ;
    74  11  0   -594.85 -239.74 1   ;
    75  11  0   -132.5  -84.363 1   ;
    76  11  0   -52.699 -22.482 1   ;
    77  11  0   -869.79 -614.775    1   ;
    78  11  0   -31.349 -29.817 1   ;
    79  11  0   -192.39 -122.43 1   ;
    80  11  0   -65.75  -45.37  1   ;
    81  11  0   -238.15 -223.22 1   ;
    82  11  0   -294.55 -162.47 1   ;
    83  11  0   -485.57 -437.92 1   ;
    84  11  0   -243.53 -183.03 1   ;
    85  11  0   -243.53 -183.03 1   ;
    86  11  0   -134.25 -119.29 1   ;
    87  11  0   -22.71  -27.96  1   ;
    88  11  0   -49.513 -26.515 1   ;
    89  11  0   -383.78 -257.16 1   ;
    90  11  0   -49.64  -20.6   1   ;
    91  11  0   -22.473 -11.806 1   ;
    93  11  0   -62.93  -42.96  1   ;
    94  11  0   -30.67  -34.93  1   ;
    95  11  0   -62.53  -66.79  1   ;
    96  11  0   -114.57 -81.748 1   ;
    97  11  0   -81.292 -66.526 1   ;
    98  11  0   -31.733 -15.96  1   ;
    99  11  0   -33.32  -60.48  1   ;
    100 11  0   -531.28 -224.85 1   ;
    101 11  0   -507.03 -367.42 1   ;
    102 11  0   -26.39  -11.7   1   ;
    103 11  0   -45.99  -30.392 1   ;
    105 11  0   -100.66 -47.572 1   ;
    106 11  0   -456.48 -350.3  1   ;
    107 11  0   -522.56 -449.29 1   ;
    108 11  0   -408.43 -168.46 1   ;
    109 11  0   -141.48 -134.25 1   ;
    110 11  0   -104.43 -66.024 1   ;
    111 11  0   -96.793 -83.647 1   ;
    112 11  0   -493.92 -419.34 1   ;
    113 11  0   -225.38 -135.88 1   ;
    114 11  0   -509.21 -387.21 1   ;
    115 11  0   -188.5  -173.46 1   ;
    116 11  0   -918.03 -898.55 1   ;
    117 11  0   -305.08 -215.37 1   ;
    118 11  0   -54.38  -40.97  1   ;
    119 11  0   -211.14 -192.9  1   ;
    120 11  0   -67.009 -53.336 1   ;
    121 11  0   -162.07 -90.321 1   ;
    122 11  0   -48.785 -29.156 1   ;
    123 11  0   -33.9   -18.98  1   ;
   ]; 
%bus(32,4) = bus(32,4) - 600;
%bus(25,4) = bus(25,4) - 400;
%bus(9,4) = bus(9,4) -0;

%% branch

